  -1.2163829e-01
  -4.8767211e-01
   1.0186731e+00
  -2.1466734e+00
   6.1689725e-01
  -2.8123148e-01
   6.6520729e-01
   9.4629486e-01
  -1.8194674e+00
   1.0340233e+00
  -7.4853438e-01
   1.8591370e+00
   1.0593824e+00
   2.5125567e+00
   1.5541100e+00
   7.6387717e-01
  -4.1188373e-01
  -2.0302485e+00
  -1.8127462e+00
  -2.1700635e+00
  -1.2163829e-01
  -4.8767211e-01
   1.0186731e+00
  -2.1466734e+00
   6.1689725e-01
  -2.8123148e-01
   6.6520729e-01
   9.4629486e-01
  -1.8194674e+00
   1.0340233e+00
  -7.4853438e-01
   1.8591370e+00
   1.0593824e+00
   2.5125567e+00
   1.5541100e+00
   7.6387717e-01
  -4.1188373e-01
  -2.0302485e+00
  -1.8127462e+00
  -2.1700635e+00
  -1.2163829e-01
  -4.8767211e-01
   1.0186731e+00
  -2.1466734e+00
   6.1689725e-01
  -2.8123148e-01
   6.6520729e-01
   9.4629486e-01
  -1.8194674e+00
   1.0340233e+00
  -6.4179526e-01
   7.9386923e-01
   2.8911180e-01
   8.8630303e-01
   2.4957334e+00
   2.9577672e-01
   1.5283739e+00
  -2.2846674e+00
  -5.7606514e-02
  -1.4219351e+00
  -6.9528996e-01
  -1.7214384e+00
  -2.7317964e+00
  -1.2424637e-01
  -1.1723754e+00
   2.3459637e+00
   1.0045924e+00
   1.4624211e+00
  -1.8948043e-02
  -2.3204662e-01
  -6.4179526e-01
   7.9386923e-01
   2.8911180e-01
   8.8630303e-01
   2.4957334e+00
   2.9577672e-01
   1.5283739e+00
  -2.2846674e+00
  -5.7606514e-02
  -1.4219351e+00
  -6.9528996e-01
  -1.7214384e+00
  -2.7317964e+00
  -1.2424637e-01
  -1.1723754e+00
   2.3459637e+00
   1.0045924e+00
   1.4624211e+00
  -1.8948043e-02
  -2.3204662e-01
  -6.4179526e-01
   7.9386923e-01
   2.8911180e-01
   8.8630303e-01
   2.4957334e+00
   2.9577672e-01
   1.5283739e+00
  -2.2846674e+00
  -5.7606514e-02
  -1.4219351e+00
  -7.1518685e-01
   1.5986480e+00
  -5.3925703e-01
   1.2751498e+00
   6.9070240e-01
   1.5201229e+00
   2.0261582e+00
   2.9334972e-01
   6.3661858e-02
  -1.2561850e+00
  -1.5691092e+00
  -3.0927419e+00
  -1.1096945e+00
  -1.8199549e+00
   2.2807519e+00
   1.3931174e-01
   6.3269945e-02
  -8.7771500e-02
  -1.1912967e+00
   1.4300711e+00
  -7.1518685e-01
   1.5986480e+00
  -5.3925703e-01
   1.2751498e+00
   6.9070240e-01
   1.5201229e+00
   2.0261582e+00
   2.9334972e-01
   6.3661858e-02
  -1.2561850e+00
  -1.5691092e+00
  -3.0927419e+00
  -1.1096945e+00
  -1.8199549e+00
   2.2807519e+00
   1.3931174e-01
   6.3269945e-02
  -8.7771500e-02
  -1.1912967e+00
   1.4300711e+00
  -7.1518685e-01
   1.5986480e+00
  -5.3925703e-01
   1.2751498e+00
   6.9070240e-01
   1.5201229e+00
   2.0261582e+00
   2.9334972e-01
   6.3661858e-02
  -1.2561850e+00
  -7.2675103e-01
   8.4100332e-01
   1.6981188e+00
   3.1650977e+00
  -3.9572733e-01
   7.9089114e-01
   1.7592672e+00
  -7.0780031e-02
  -6.3046344e-01
  -2.0283899e-01
   1.9108809e+00
  -2.4999712e+00
   1.3363872e+00
  -4.7408763e-01
  -3.9907645e-01
   3.6171853e-01
  -5.6488379e-01
  -1.1859726e+00
  -3.9877520e+00
  -7.2506026e-01
  -7.2675103e-01
   8.4100332e-01
   1.6981188e+00
   3.1650977e+00
  -3.9572733e-01
   7.9089114e-01
   1.7592672e+00
  -7.0780031e-02
  -6.3046344e-01
  -2.0283899e-01
   1.9108809e+00
  -2.4999712e+00
   1.3363872e+00
  -4.7408763e-01
  -3.9907645e-01
   3.6171853e-01
  -5.6488379e-01
  -1.1859726e+00
  -3.9877520e+00
  -7.2506026e-01
  -7.2675103e-01
   8.4100332e-01
   1.6981188e+00
   3.1650977e+00
  -3.9572733e-01
   7.9089114e-01
   1.7592672e+00
  -7.0780031e-02
  -6.3046344e-01
  -2.0283899e-01
  -1.7639783e+00
  -1.5784029e+00
  -1.6819058e+00
   5.4499912e-01
  -1.0009251e+00
   1.6840452e-01
  -7.4589576e-01
   7.1045959e-01
   6.7999571e-01
   1.7921570e+00
  -1.3013409e+00
  -5.4324025e-02
  -3.1684921e-01
   6.5844182e-01
   2.4482015e+00
   5.0821237e-01
   2.9712790e+00
  -2.0859729e-01
   7.1141889e-01
  -2.5413501e+00
  -1.7639783e+00
  -1.5784029e+00
  -1.6819058e+00
   5.4499912e-01
  -1.0009251e+00
   1.6840452e-01
  -7.4589576e-01
   7.1045959e-01
   6.7999571e-01
   1.7921570e+00
  -1.3013409e+00
  -5.4324025e-02
  -3.1684921e-01
   6.5844182e-01
   2.4482015e+00
   5.0821237e-01
   2.9712790e+00
  -2.0859729e-01
   7.1141889e-01
  -2.5413501e+00
  -1.7639783e+00
  -1.5784029e+00
  -1.6819058e+00
   5.4499912e-01
  -1.0009251e+00
   1.6840452e-01
  -7.4589576e-01
   7.1045959e-01
   6.7999571e-01
   1.7921570e+00
  -1.9395033e+00
   1.6089014e+00
   1.8992858e-01
  -1.1692019e+00
   5.6944853e-01
  -5.5221279e-01
  -1.4633423e+00
  -9.0145610e-01
   2.0006486e+00
  -2.9163790e-01
  -8.6855110e-01
  -2.4595769e+00
  -3.3844802e-01
  -2.8808428e+00
  -1.1901452e-01
   1.6368588e+00
   3.7997766e-01
   2.8673468e+00
   1.5888559e+00
   2.1418213e+00
  -1.9395033e+00
   1.6089014e+00
   1.8992858e-01
  -1.1692019e+00
   5.6944853e-01
  -5.5221279e-01
  -1.4633423e+00
  -9.0145610e-01
   2.0006486e+00
  -2.9163790e-01
  -8.6855110e-01
  -2.4595769e+00
  -3.3844802e-01
  -2.8808428e+00
  -1.1901452e-01
   1.6368588e+00
   3.7997766e-01
   2.8673468e+00
   1.5888559e+00
   2.1418213e+00
  -1.9395033e+00
   1.6089014e+00
   1.8992858e-01
  -1.1692019e+00
   5.6944853e-01
  -5.5221279e-01
  -1.4633423e+00
  -9.0145610e-01
   2.0006486e+00
  -2.9163790e-01
  -2.1904217e-01
  -3.9679770e+00
  -9.8559179e-01
  -1.4905494e+00
   3.3653426e-01
   2.4041683e+00
   8.9244439e-01
   2.2383740e+00
  -6.9534765e-01
   1.0666632e+00
   6.4134595e-02
   1.5580785e+00
  -1.8260333e-01
  -5.5159379e-01
  -1.4423272e-01
   4.3168087e-01
   6.7850267e-01
   4.3817512e-02
   2.5520175e-01
  -1.7326622e+00
  -2.1904217e-01
  -3.9679770e+00
  -9.8559179e-01
  -1.4905494e+00
   3.3653426e-01
   2.4041683e+00
   8.9244439e-01
   2.2383740e+00
  -6.9534765e-01
   1.0666632e+00
   6.4134595e-02
   1.5580785e+00
  -1.8260333e-01
  -5.5159379e-01
  -1.4423272e-01
   4.3168087e-01
   6.7850267e-01
   4.3817512e-02
   2.5520175e-01
  -1.7326622e+00
  -2.1904217e-01
  -3.9679770e+00
  -9.8559179e-01
  -1.4905494e+00
   3.3653426e-01
   2.4041683e+00
   8.9244439e-01
   2.2383740e+00
  -6.9534765e-01
   1.0666632e+00
  -3.3045945e+00
  -7.8851803e-01
   5.4963645e-01
  -1.3451395e+00
  -1.4093409e+00
   1.3553126e+00
   1.6180718e+00
   2.6272150e-01
   2.9202073e+00
  -1.0705743e+00
   1.5932925e-01
  -8.8567191e-01
   1.3101404e+00
   7.9034721e-02
   4.5501028e-01
   3.4010767e+00
  -3.7552125e-01
  -1.0300157e-01
  -1.9229388e+00
  -9.0524019e-01
  -3.3045945e+00
  -7.8851803e-01
   5.4963645e-01
  -1.3451395e+00
  -1.4093409e+00
   1.3553126e+00
   1.6180718e+00
   2.6272150e-01
   2.9202073e+00
  -1.0705743e+00
   1.5932925e-01
  -8.8567191e-01
   1.3101404e+00
   7.9034721e-02
   4.5501028e-01
   3.4010767e+00
  -3.7552125e-01
  -1.0300157e-01
  -1.9229388e+00
  -9.0524019e-01
  -3.3045945e+00
  -7.8851803e-01
   5.4963645e-01
  -1.3451395e+00
  -1.4093409e+00
   1.3553126e+00
   1.6180718e+00
   2.6272150e-01
   2.9202073e+00
  -1.0705743e+00
  -2.1183322e+00
   5.4654429e-01
  -1.7440364e+00
   2.2149912e+00
   9.3980553e-01
   2.7033391e+00
   1.9553714e+00
   4.5433118e-01
   2.7094598e-01
  -8.6230031e-01
   9.9099712e-01
  -1.3893090e+00
  -1.1715177e+00
  -2.5221151e+00
  -6.5295333e-01
  -4.1243382e-01
   1.1883495e+00
  -3.3785654e-01
   3.4137014e-01
  -3.9519105e-01
  -2.1183322e+00
   5.4654429e-01
  -1.7440364e+00
   2.2149912e+00
   9.3980553e-01
   2.7033391e+00
   1.9553714e+00
   4.5433118e-01
   2.7094598e-01
  -8.6230031e-01
   9.9099712e-01
  -1.3893090e+00
  -1.1715177e+00
  -2.5221151e+00
  -6.5295333e-01
  -4.1243382e-01
   1.1883495e+00
  -3.3785654e-01
   3.4137014e-01
  -3.9519105e-01
  -2.1183322e+00
   5.4654429e-01
  -1.7440364e+00
   2.2149912e+00
   9.3980553e-01
   2.7033391e+00
   1.9553714e+00
   4.5433118e-01
   2.7094598e-01
  -8.6230031e-01
   2.7744499e-01
   1.7566592e+00
   2.5595179e+00
   2.7493848e+00
  -5.2255545e-02
   1.0406342e+00
  -1.3930551e+00
  -2.2097627e+00
  -1.4602121e+00
   2.4536036e+00
  -1.4888227e+00
  -7.5567229e-01
   3.5588997e-01
  -1.4888352e+00
   8.4696747e-02
  -1.2957401e+00
   8.7528805e-01
  -2.7538110e+00
   2.4150781e-01
   5.0353943e-01
   2.7744499e-01
   1.7566592e+00
   2.5595179e+00
   2.7493848e+00
  -5.2255545e-02
   1.0406342e+00
  -1.3930551e+00
  -2.2097627e+00
  -1.4602121e+00
   2.4536036e+00
  -1.4888227e+00
  -7.5567229e-01
   3.5588997e-01
  -1.4888352e+00
   8.4696747e-02
  -1.2957401e+00
   8.7528805e-01
  -2.7538110e+00
   2.4150781e-01
   5.0353943e-01
   2.7744499e-01
   1.7566592e+00
   2.5595179e+00
   2.7493848e+00
  -5.2255545e-02
   1.0406342e+00
  -1.3930551e+00
  -2.2097627e+00
  -1.4602121e+00
   2.4536036e+00
  -7.2553334e-01
   1.2739416e+00
   2.7101879e-01
   1.2936232e+00
  -3.2311053e-01
  -9.1326430e-02
   1.3004272e+00
  -2.3557111e+00
   2.7903350e+00
   2.1309812e+00
   1.7897320e+00
  -2.7788299e-01
   1.0280933e-01
  -2.1402025e+00
  -3.2311339e+00
  -4.6572169e-02
  -8.7873774e-01
  -1.4630264e+00
  -1.0958068e+00
   1.6761756e+00
  -7.2553334e-01
   1.2739416e+00
   2.7101879e-01
   1.2936232e+00
  -3.2311053e-01
  -9.1326430e-02
   1.3004272e+00
  -2.3557111e+00
   2.7903350e+00
   2.1309812e+00
   1.7897320e+00
  -2.7788299e-01
   1.0280933e-01
  -2.1402025e+00
  -3.2311339e+00
  -4.6572169e-02
  -8.7873774e-01
  -1.4630264e+00
  -1.0958068e+00
   1.6761756e+00
  -7.2553334e-01
   1.2739416e+00
   2.7101879e-01
   1.2936232e+00
  -3.2311053e-01
  -9.1326430e-02
   1.3004272e+00
  -2.3557111e+00
   2.7903350e+00
   2.1309812e+00
   1.0087382e+00
  -1.2785511e+00
   2.1033628e-01
  -2.2141161e+00
  -1.6230723e+00
  -1.7912833e+00
  -4.2144573e-01
  -2.2169192e+00
   8.1775575e-01
   7.1454048e-01
  -3.0348017e-01
   1.0362386e+00
   1.4049206e+00
   2.7677610e+00
  -2.4466779e+00
   1.2280873e+00
  -6.3824383e-01
  -6.8722786e-01
   1.9911690e+00
   2.4414702e+00
   1.0087382e+00
  -1.2785511e+00
   2.1033628e-01
  -2.2141161e+00
  -1.6230723e+00
  -1.7912833e+00
  -4.2144573e-01
  -2.2169192e+00
   8.1775575e-01
   7.1454048e-01
  -3.0348017e-01
   1.0362386e+00
   1.4049206e+00
   2.7677610e+00
  -2.4466779e+00
   1.2280873e+00
  -6.3824383e-01
  -6.8722786e-01
   1.9911690e+00
   2.4414702e+00
   1.0087382e+00
  -1.2785511e+00
   2.1033628e-01
  -2.2141161e+00
  -1.6230723e+00
  -1.7912833e+00
  -4.2144573e-01
  -2.2169192e+00
   8.1775575e-01
   7.1454048e-01
   2.3821514e+00
  -1.7697715e-01
   2.2752354e+00
   7.6977265e-01
   5.0547775e-01
  -8.1961162e-01
  -2.5828303e+00
   4.6359855e-01
  -1.3258860e+00
   1.1195126e+00
  -3.7960088e-01
   2.8388059e-01
  -5.3440749e-01
  -1.2527665e+00
  -2.5568562e+00
  -1.1539195e+00
  -2.7025263e-01
   4.6395254e-01
   2.4869689e+00
   3.0255793e-01
   2.3821514e+00
  -1.7697715e-01
   2.2752354e+00
   7.6977265e-01
   5.0547775e-01
  -8.1961162e-01
  -2.5828303e+00
   4.6359855e-01
  -1.3258860e+00
   1.1195126e+00
  -3.7960088e-01
   2.8388059e-01
  -5.3440749e-01
  -1.2527665e+00
  -2.5568562e+00
  -1.1539195e+00
  -2.7025263e-01
   4.6395254e-01
   2.4869689e+00
   3.0255793e-01
   2.3821514e+00
  -1.7697715e-01
   2.2752354e+00
   7.6977265e-01
   5.0547775e-01
  -8.1961162e-01
  -2.5828303e+00
   4.6359855e-01
  -1.3258860e+00
   1.1195126e+00
   1.0607672e+00
   2.0376597e-01
   3.6653569e+00
   1.2105604e+00
   9.9438759e-01
  -2.6389115e+00
   2.3462921e-01
  -1.6505240e+00
  -2.0127548e+00
   1.1606087e+00
  -4.2959613e-02
   3.7294723e-01
  -1.3468472e+00
   9.1836457e-01
  -2.7417473e+00
  -1.7845574e+00
   3.2025050e-01
   5.7512709e-01
  -1.3108242e-01
   1.6326190e+00
   1.0607672e+00
   2.0376597e-01
   3.6653569e+00
   1.2105604e+00
   9.9438759e-01
  -2.6389115e+00
   2.3462921e-01
  -1.6505240e+00
  -2.0127548e+00
   1.1606087e+00
  -4.2959613e-02
   3.7294723e-01
  -1.3468472e+00
   9.1836457e-01
  -2.7417473e+00
  -1.7845574e+00
   3.2025050e-01
   5.7512709e-01
  -1.3108242e-01
   1.6326190e+00
   1.0607672e+00
   2.0376597e-01
   3.6653569e+00
   1.2105604e+00
   9.9438759e-01
  -2.6389115e+00
   2.3462921e-01
  -1.6505240e+00
  -2.0127548e+00
   1.1606087e+00
   2.0019541e-01
   1.0799602e+00
  -1.6033135e+00
   1.1337813e+00
  -2.9951210e+00
  -1.6757022e+00
  -6.1616678e-01
  -1.9471187e+00
  -1.3553245e+00
   1.0124995e+00
   2.8453597e+00
  -7.9987425e-01
   1.7167691e-01
  -7.4676757e-01
  -6.1126413e-01
  -7.4480735e-01
   3.0057340e+00
   5.9490343e-01
   9.5822396e-01
   2.0931256e+00
   2.0019541e-01
   1.0799602e+00
  -1.6033135e+00
   1.1337813e+00
  -2.9951210e+00
  -1.6757022e+00
  -6.1616678e-01
  -1.9471187e+00
  -1.3553245e+00
   1.0124995e+00
   2.8453597e+00
  -7.9987425e-01
   1.7167691e-01
  -7.4676757e-01
  -6.1126413e-01
  -7.4480735e-01
   3.0057340e+00
   5.9490343e-01
   9.5822396e-01
   2.0931256e+00
   2.0019541e-01
   1.0799602e+00
  -1.6033135e+00
   1.1337813e+00
  -2.9951210e+00
  -1.6757022e+00
  -6.1616678e-01
  -1.9471187e+00
  -1.3553245e+00
   1.0124995e+00
   1.1722550e+00
  -1.8449367e+00
   1.5172919e+00
   1.2965065e+00
  -4.5508736e-01
   7.0884357e-01
  -4.0585618e-01
   1.3037733e+00
  -1.2265330e+00
   3.1927717e+00
   1.1413899e+00
   4.4424986e-01
   8.5133200e-01
  -2.5295963e-01
  -2.0568055e+00
  -4.2910629e+00
  -3.4981975e-01
  -7.9549135e-01
  -1.8816700e-01
   2.3830569e-01
   1.1722550e+00
  -1.8449367e+00
   1.5172919e+00
   1.2965065e+00
  -4.5508736e-01
   7.0884357e-01
  -4.0585618e-01
   1.3037733e+00
  -1.2265330e+00
   3.1927717e+00
   1.1413899e+00
   4.4424986e-01
   8.5133200e-01
  -2.5295963e-01
  -2.0568055e+00
  -4.2910629e+00
  -3.4981975e-01
  -7.9549135e-01
  -1.8816700e-01
   2.3830569e-01
   1.1722550e+00
  -1.8449367e+00
   1.5172919e+00
   1.2965065e+00
  -4.5508736e-01
   7.0884357e-01
  -4.0585618e-01
   1.3037733e+00
  -1.2265330e+00
   3.1927717e+00
  -3.2369321e+00
  -2.0401617e+00
  -2.4531699e+00
   2.2592189e-02
   6.9432445e-01
   1.0483977e+00
   2.1316108e+00
   1.0265892e+00
   1.2874298e+00
  -3.6177108e-01
   3.4435985e-01
  -5.6644705e-01
   1.5715952e+00
  -5.7394792e-01
   1.4913226e+00
  -4.4824615e-01
  -7.6660947e-01
   1.0253125e+00
  -1.0639313e+00
   8.6768242e-01
  -3.2369321e+00
  -2.0401617e+00
  -2.4531699e+00
   2.2592189e-02
   6.9432445e-01
   1.0483977e+00
   2.1316108e+00
   1.0265892e+00
   1.2874298e+00
  -3.6177108e-01
   3.4435985e-01
  -5.6644705e-01
   1.5715952e+00
  -5.7394792e-01
   1.4913226e+00
  -4.4824615e-01
  -7.6660947e-01
   1.0253125e+00
  -1.0639313e+00
   8.6768242e-01
  -3.2369321e+00
  -2.0401617e+00
  -2.4531699e+00
   2.2592189e-02
   6.9432445e-01
   1.0483977e+00
   2.1316108e+00
   1.0265892e+00
   1.2874298e+00
  -3.6177108e-01
   1.2180932e+00
   3.0294902e-01
  -1.3054251e+00
   3.6475808e-01
  -1.8426336e+00
   1.5552809e+00
   3.5609594e-01
   3.0989243e+00
   1.6780905e+00
   1.6120643e+00
   9.6952216e-01
  -1.1823027e+00
  -8.6466752e-01
  -2.4877488e+00
  -6.0466039e-01
  -3.9841491e-01
   2.0239584e-01
  -1.9117849e+00
   1.9318893e-01
  -9.5372546e-01
   1.2180932e+00
   3.0294902e-01
  -1.3054251e+00
   3.6475808e-01
  -1.8426336e+00
   1.5552809e+00
   3.5609594e-01
   3.0989243e+00
   1.6780905e+00
   1.6120643e+00
   9.6952216e-01
  -1.1823027e+00
  -8.6466752e-01
  -2.4877488e+00
  -6.0466039e-01
  -3.9841491e-01
   2.0239584e-01
  -1.9117849e+00
   1.9318893e-01
  -9.5372546e-01
   1.2180932e+00
   3.0294902e-01
  -1.3054251e+00
   3.6475808e-01
  -1.8426336e+00
   1.5552809e+00
   3.5609594e-01
   3.0989243e+00
   1.6780905e+00
   1.6120643e+00
  -1.0256103e+00
  -2.6957262e+00
  -8.6011732e-01
  -9.5578318e-01
   1.9482996e+00
   8.9979736e-01
   1.5628544e+00
   4.4892240e-01
   1.6897187e+00
   2.3472810e+00
  -2.2760049e-01
   1.2949729e+00
  -2.5802465e+00
   2.5619313e-01
  -1.6166244e+00
  -7.0856825e-01
   3.9746226e-01
   1.0459947e-01
   7.1186393e-01
  -9.9168853e-01
  -1.0256103e+00
  -2.6957262e+00
  -8.6011732e-01
  -9.5578318e-01
   1.9482996e+00
   8.9979736e-01
   1.5628544e+00
   4.4892240e-01
   1.6897187e+00
   2.3472810e+00
  -2.2760049e-01
   1.2949729e+00
  -2.5802465e+00
   2.5619313e-01
  -1.6166244e+00
  -7.0856825e-01
   3.9746226e-01
   1.0459947e-01
   7.1186393e-01
  -9.9168853e-01
  -1.0256103e+00
  -2.6957262e+00
  -8.6011732e-01
  -9.5578318e-01
   1.9482996e+00
   8.9979736e-01
   1.5628544e+00
   4.4892240e-01
   1.6897187e+00
   2.3472810e+00
   1.3379093e+00
   1.8560287e+00
   3.0573731e+00
   1.9792495e+00
  -6.1221866e-02
   2.7236271e-01
  -2.4291895e+00
   2.0071235e-02
  -1.7353129e+00
   9.2535507e-01
  -7.6110657e-01
   8.6655800e-02
   3.6389739e-01
  -1.8536665e+00
  -7.8200901e-02
  -2.3557633e+00
   4.6389674e-01
  -2.6183751e-01
  -1.5804482e-01
  -6.6845576e-01
   1.3379093e+00
   1.8560287e+00
   3.0573731e+00
   1.9792495e+00
  -6.1221866e-02
   2.7236271e-01
  -2.4291895e+00
   2.0071235e-02
  -1.7353129e+00
   9.2535507e-01
  -7.6110657e-01
   8.6655800e-02
   3.6389739e-01
  -1.8536665e+00
  -7.8200901e-02
  -2.3557633e+00
   4.6389674e-01
  -2.6183751e-01
  -1.5804482e-01
  -6.6845576e-01
   1.3379093e+00
   1.8560287e+00
   3.0573731e+00
   1.9792495e+00
  -6.1221866e-02
   2.7236271e-01
  -2.4291895e+00
   2.0071235e-02
  -1.7353129e+00
   9.2535507e-01
